0.240732000000 0.307499999986 0.000003171054
0.481462999994 0.307499999950 -0.000006097892
0.722195000000 0.307499999988 -0.000002926838
0.962927000007 0.307500000000 0.000000244216
1.203658999991 0.307499999984 0.000003415270
1.444389999971 0.307499999954 -0.000005853676
1.685121999952 0.307499999990 -0.000002682622
1.925853999932 0.307500000000 0.000000488433
2.166585999949 0.307499999982 0.000003659487
2.407316999983 0.307499999957 -0.000005609459
2.648049000016 0.307499999992 -0.000002438404
2.888781000050 0.307499999999 0.000000732652
3.129513000084 0.307499999979 0.000003903708
3.370244000117 0.307499999961 -0.000005365236
3.610976000151 0.307499999993 -0.000002194179
3.851708000184 0.307499999999 0.000000976877
4.092440000218 0.307499999977 0.000004147934
4.333171000252 0.307499999964 -0.000005121010
4.573903000285 0.307499999995 -0.000001949953
4.814635000319 0.307499999998 0.000001221103
5.055367000353 0.307499999974 0.000004392159
5.296098000386 0.307499999968 -0.000004876786
5.536830000420 0.307499999996 -0.000001705730
5.777562000454 0.307499999997 0.000001465326
6.018294000487 0.307499999971 0.000004636381
6.259025000521 0.307499999971 -0.000004632563
6.499757000555 0.307499999997 -0.000001461508
6.740489000588 0.307499999996 0.000001709547
6.981221000622 0.307499999968 0.000004880603
7.221952000656 0.307499999974 -0.000004388342
7.462684000689 0.307499999998 -0.000001217286
7.703416000723 0.307499999995 0.000001953768
7.944148000757 0.307499999965 0.000005124823
8.184879000626 0.307499999977 -0.000004144122
8.425611000446 0.307499999999 -0.000000973067
8.666343000266 0.307499999994 0.000002197987
8.907075000085 0.307499999961 0.000005369043
9.147805999905 0.307499999979 -0.000003899902
9.388537999725 0.307499999999 -0.000000728847
9.629269999545 0.307499999992 0.000002442210
9.870001999365 0.307499999957 0.000005613266
10.110732999185 0.307499999982 -0.000003655678
10.351464999004 0.307500000000 -0.000000484622
10.592196998824 0.307499999990 0.000002686434
10.832928998644 0.307499999954 0.000005857490
11.073659998464 0.307499999984 -0.000003411454
11.314391998284 0.307500000000 -0.000000240397
11.555123998104 0.307499999988 0.000002930659
11.795855997923 0.307499999950 0.000006101716
12.036586997743 0.307499999986 -0.000003167228
12.277318997563 0.307500000000 0.000000003828
12.518050997383 0.307499999986 0.000003174884
12.758781997203 0.307499999950 -0.000006094060
12.999513997023 0.307499999988 -0.000002923004
13.240245996843 0.307500000000 0.000000248051
13.480977996662 0.307499999984 0.000003419106
13.721708996482 0.307499999954 -0.000005849838
13.962440996302 0.307499999990 -0.000002678782
14.203172996122 0.307500000000 0.000000492274
14.443904995942 0.307499999982 0.000003663331
14.684635995762 0.307499999957 -0.000005605613
14.925367995581 0.307499999992 -0.000002434556
15.166099995401 0.307499999999 0.000000736501
15.406831995221 0.307499999979 0.000003907558
15.647562995041 0.307499999961 -0.000005361385
15.888294994861 0.307499999993 -0.000002190328
16.129026994910 0.307499999999 0.000000980728
16.369758995157 0.307499999977 0.000004151785
16.610489995405 0.307499999965 -0.000005117160
16.851221995652 0.307499999995 -0.000001946104
17.091953995900 0.307499999998 0.000001224950
17.332685996147 0.307499999974 0.000004396005
17.573416996395 0.307499999968 -0.000004872940
17.814148996642 0.307499999996 -0.000001701885
18.054880996889 0.307499999997 0.000001469170
18.295612997137 0.307499999971 0.000004640225
18.536343997384 0.307499999971 -0.000004628720
18.777075997632 0.307499999997 -0.000001457666
19.017807997879 0.307499999996 0.000001713389
19.258539998127 0.307499999968 0.000004884444
19.499270998374 0.307499999974 -0.000004384501
19.740002998622 0.307499999998 -0.000001213447
19.980734998869 0.307499999995 0.000001957608
20.221466999117 0.307499999965 0.000005128662
20.462197999364 0.307499999977 -0.000004140284
20.702929999612 0.307499999999 -0.000000969229
20.943661999859 0.307499999994 0.000002201826
21.184394000106 0.307499999961 0.000005372881
21.425125000354 0.307499999980 -0.000003896064
21.665857000601 0.307499999999 -0.000000725009
21.906589000849 0.307499999992 0.000002446045
22.147321001096 0.307499999958 0.000005617100
22.388052001344 0.307499999982 -0.000003651845
22.628784001591 0.307500000000 -0.000000480790
22.869516001839 0.307499999990 0.000002690266
23.110248002086 0.307499999954 0.000005861321
23.350979002334 0.307499999984 -0.000003407623
23.591711002581 0.307500000000 -0.000000236568
23.832443002829 0.307499999989 0.000002934487
24.073175003076 0.307499999950 0.000006105542
24.313906003323 0.307499999987 -0.000003163404
24.554638003571 0.307500000000 0.000000007651
24.795370003818 0.307499999987 0.000003178705
25.036101004066 0.307499999950 -0.000006090240
25.276833004313 0.307499999989 -0.000002919186
25.517565004561 0.307500000000 0.000000251868
25.758297004808 0.307499999984 0.000003422923
25.999028005056 0.307499999954 -0.000005846023
26.239760005303 0.307499999990 -0.000002674968
26.480492005551 0.307500000000 0.000000496086
26.721224005798 0.307499999982 0.000003667140
26.961955006046 0.307499999958 -0.000005601805
27.202687006293 0.307499999992 -0.000002430750
27.443419006540 0.307499999999 0.000000740305
27.684151006788 0.307499999979 0.000003911360
27.924882007035 0.307499999961 -0.000005357584
28.165614007283 0.307499999994 -0.000002186529
28.406346007530 0.307499999999 0.000000984526
28.647078007778 0.307499999977 0.000004155581
28.887809008025 0.307499999965 -0.000005113364
29.128541008273 0.307499999995 -0.000001942308
29.369273008520 0.307499999998 0.000001228747
29.610005008768 0.307499999974 0.000004399802
29.850736009015 0.307499999968 -0.000004869143
30.091468009263 0.307499999996 -0.000001698087
30.332200009510 0.307499999997 0.000001472968
30.572932009757 0.307499999971 0.000004644024
30.813663010005 0.307499999971 -0.000004624920
31.054395010252 0.307499999997 -0.000001453864
31.295127010500 0.307499999996 0.000001717192
31.535859010747 0.307499999968 0.000004888248
31.776590010995 0.307499999974 -0.000004380695
32.017322011181 0.307499999998 -0.000001209639
32.258054010573 0.307499999995 0.000001961417
32.498786009965 0.307499999965 0.000005132474
32.739517009357 0.307499999977 -0.000004136470
32.980249008750 0.307499999999 -0.000000965413
33.220981008142 0.307499999994 0.000002205644
33.461713007534 0.307499999961 0.000005376701
33.702444006926 0.307499999979 -0.000003892243
33.943176006318 0.307499999999 -0.000000721186
34.183908005711 0.307499999992 0.000002449870
34.424640005103 0.307499999958 0.000005620927
34.665371004495 0.307499999982 -0.000003648017
34.906103003887 0.307500000000 -0.000000476960
35.146835003279 0.307499999990 0.000002694097
35.387567002672 0.307499999954 0.000005865154
35.628298002064 0.307499999984 -0.000003403790
35.869030001456 0.307500000000 -0.000000232733
36.109762000848 0.307499999988 0.000002938324
36.350494000240 0.307499999950 0.000006109381
36.591224999633 0.307499999986 -0.000003159563
36.831956999025 0.307500000000 0.000000011493
37.072688998417 0.307499999986 0.000003182549
37.313419997809 0.307499999950 -0.000006086395
37.554151997202 0.307499999989 -0.000002915339
37.794883996594 0.307500000000 0.000000255716
38.035615995986 0.307499999984 0.000003426771
38.276346995378 0.307499999954 -0.000005842175
38.517078994770 0.307499999990 -0.000002671120
38.757810994163 0.307500000000 0.000000499935
38.998542993555 0.307499999982 0.000003670989
39.239273992947 0.307499999958 -0.000005597956
39.480005992339 0.307499999992 -0.000002426902
39.720737991731 0.307499999999 0.000000744153
39.961469991124 0.307499999980 0.000003915208
40.202200990516 0.307499999961 -0.000005353737
40.442932989908 0.307499999994 -0.000002182683
40.683664989300 0.307499999999 0.000000988371
40.924396988692 0.307499999977 0.000004159426
41.165127988085 0.307499999965 -0.000005109520
41.405859987477 0.307499999995 -0.000001938466
41.646591986869 0.307499999998 0.000001232589
41.887323986261 0.307499999974 0.000004403643
42.128054985654 0.307499999968 -0.000004865303
42.368786985046 0.307499999996 -0.000001694249
42.609518984438 0.307499999997 0.000001476805
42.850250983830 0.307499999971 0.000004647859
43.090981983222 0.307499999971 -0.000004621086
43.331713982615 0.307499999997 -0.000001450032
43.572445982007 0.307499999996 0.000001721022
43.813177981399 0.307499999968 0.000004892077
44.053908980791 0.307499999974 -0.000004376868
44.294640980183 0.307499999998 -0.000001205814
44.535372979576 0.307499999995 0.000001965241
44.776104978968 0.307499999965 0.000005136294
45.016835978360 0.307499999977 -0.000004132652
45.257567977752 0.307499999999 -0.000000961600
45.498299977144 0.307499999994 0.000002209452
45.739031976537 0.307499999961 0.000005380504
45.979762975929 0.307499999980 -0.000003888443
46.220494975321 0.307500000000 -0.000000717391
46.461226974713 0.307499999992 0.000002453661
46.701958974106 0.307499999958 0.000005624712
46.942689973498 0.307499999982 -0.000003644236
47.183421972890 0.307500000000 -0.000000473183
47.424153972282 0.307499999990 0.000002697869
47.664885971674 0.307499999954 0.000005868922
47.905616971067 0.307499999984 -0.000003400024
48.146348970459 0.307500000000 -0.000000228971
48.387080969851 0.307499999989 0.000002942082
48.627812969243 0.307499999950 0.000006113136
48.868543968635 0.307499999987 -0.000003155812
49.109275968028 0.307500000000 0.000000015241
49.350007967420 0.307499999987 0.000003186294
49.590738966812 0.307499999950 -0.000006082653
49.831470966204 0.307499999989 -0.000002911599
50.072202965596 0.307500000000 0.000000259454
50.312934964989 0.307499999984 0.000003430506
50.553665964381 0.307499999954 -0.000005838442
50.794397963773 0.307499999991 -0.000002667389
51.035129963165 0.307500000000 0.000000503663
51.275861962558 0.307499999982 0.000003674715
51.516592961950 0.307499999958 -0.000005594233
51.757324961342 0.307499999992 -0.000002423181
51.998056960734 0.307499999999 0.000000747872
52.238788960126 0.307499999980 0.000003918924
52.479519959519 0.307499999961 -0.000005350023
52.720251958911 0.307499999994 -0.000002178970
52.960983958303 0.307499999999 0.000000992083
53.201715957695 0.307499999977 0.000004163135
53.442446957087 0.307499999965 -0.000005105813
53.683178956480 0.307499999995 -0.000001934760
53.923910955872 0.307499999998 0.000001236293
54.164642955264 0.307499999974 0.000004407346
54.405373954656 0.307499999968 -0.000004861601
54.646105954048 0.307499999996 -0.000001690548
54.886837953441 0.307499999997 0.000001480506
55.127569952833 0.307499999971 0.000004651559
55.368300952225 0.307499999971 -0.000004617387
55.609032951617 0.307499999997 -0.000001446333
55.849764951010 0.307499999996 0.000001724720
56.090496950402 0.307499999968 0.000004895775
56.331227949794 0.307499999974 -0.000004373171
56.571959949186 0.307499999998 -0.000001202117
56.812691948578 0.307499999995 0.000001968937
57.053423947971 0.307499999965 0.000005139991
57.294154947363 0.307499999977 -0.000004128955
57.534886946755 0.307499999999 -0.000000957902
57.775618946147 0.307499999994 0.000002213151
58.016350945539 0.307499999961 0.000005384204
58.257081944932 0.307499999980 -0.000003884743
58.497813944324 0.307500000000 -0.000000713690
58.738545943716 0.307499999992 0.000002457361
58.979277943108 0.307499999958 0.000005628413
59.220008942500 0.307499999982 -0.000003640536
59.460740941893 0.307500000000 -0.000000469484
59.701472941285 0.307499999990 0.000002701568
59.942204940677 0.307499999954 0.000005872621
60.182935940069 0.307499999984 -0.000003396327
60.423667939462 0.307500000000 -0.000000225274
60.664399938854 0.307499999989 0.000002945779
60.905131938246 0.307499999950 0.000006116833
61.145862937638 0.307499999986 -0.000003152114
61.386594937030 0.307500000000 0.000000018939
61.627326936423 0.307499999986 0.000003189993
61.868057935815 0.307499999950 -0.000006078953
62.108789935207 0.307499999988 -0.000002907899
62.349521934599 0.307500000000 0.000000263154
62.590253933991 0.307499999984 0.000003434208
62.830984933384 0.307499999954 -0.000005834739
63.071716932776 0.307499999990 -0.000002663686
63.312448932168 0.307500000000 0.000000507368
63.553180931560 0.307499999982 0.000003678421
63.793911930953 0.307499999958 -0.000005590526
64.034643930345 0.307499999992 -0.000002419473
64.275375929737 0.307499999999 0.000000751581
64.516107929129 0.307499999979 0.000003922634
64.756838928521 0.307499999961 -0.000005346312
64.997570927914 0.307499999994 -0.000002175259
65.238302927306 0.307499999999 0.000000995795
65.479034926698 0.307499999977 0.000004166848
65.719765926090 0.307499999965 -0.000005102097
65.960497925482 0.307499999995 -0.000001931044
66.201229924875 0.307499999998 0.000001240011
66.441961924267 0.307499999974 0.000004411065
66.682692923659 0.307499999968 -0.000004857881
66.923424923051 0.307499999996 -0.000001686826
67.164156922443 0.307499999997 0.000001484229
67.404888921836 0.307499999971 0.000004655283
67.645619921228 0.307499999971 -0.000004613662
67.886351920620 0.307499999997 -0.000001442607
68.127083920012 0.307499999996 0.000001728447
68.367815919405 0.307499999968 0.000004899502
68.608546918797 0.307499999974 -0.000004369444
68.849278918189 0.307499999998 -0.000001198389
69.090010917581 0.307499999995 0.000001972665
69.330742916973 0.307499999965 0.000005143719
69.571473916366 0.307499999977 -0.000004125227
69.812205915758 0.307499999999 -0.000000954173
70.052937915150 0.307499999994 0.000002216881
70.293669914542 0.307499999961 0.000005387935
70.534400913934 0.307499999980 -0.000003881012
70.775132913327 0.307499999999 -0.000000709958
71.015864912719 0.307499999992 0.000002461095
71.256596912111 0.307499999958 0.000005632148
71.497327911503 0.307499999982 -0.000003636800
71.738059910895 0.307500000000 -0.000000465747
71.978791910288 0.307499999990 0.000002705305
72.219523909680 0.307499999954 0.000005876358
72.460254909072 0.307499999984 -0.000003392590
72.700986908464 0.307500000000 -0.000000221538
72.941718907857 0.307499999989 0.000002949514
73.182449907249 0.307499999946 -0.000006319433
73.423181906641 0.307499999987 -0.000003148381
73.663913906033 0.307500000000 0.000000022671
73.904645905425 0.307499999987 0.000003193723
74.145376904818 0.307499999950 -0.000006075225
74.386108904210 0.307499999989 -0.000002904174
74.626840903602 0.307500000000 0.000000266878
74.867572902994 0.307499999984 0.000003437929
75.108303902386 0.307499999954 -0.000005831020
75.349035901779 0.307499999991 -0.000002659969
75.589767901171 0.307500000000 0.000000511082
75.830499900563 0.307499999982 0.000003682133
76.071230899955 0.307499999958 -0.000005586816
76.311962899347 0.307499999992 -0.000002415765
76.552694898740 0.307500000000 0.000000755285
76.793426898132 0.307499999980 0.000003926336
77.034157897524 0.307499999961 -0.000005342612
77.274889896916 0.307499999994 -0.000002171560
77.515621896309 0.307499999999 0.000000999491
77.756353895701 0.307499999977 0.000004170542
77.997084895093 0.307499999965 -0.000005098407
78.237816894485 0.307499999995 -0.000001927355
78.478548893877 0.307499999998 0.000001243696
78.719280893270 0.307499999974 0.000004414748
78.960011892662 0.307499999968 -0.000004854199
79.200743892054 0.307499999996 -0.000001683147
79.441475891446 0.307499999997 0.000001487906
79.682207890838 0.307499999971 0.000004658959
79.922938890231 0.307499999971 -0.000004609988
80.163670889623 0.307499999997 -0.000001438935
80.404402889015 0.307499999996 0.000001732117
80.645134888407 0.307499999968 0.000004903169
80.885865887799 0.307499999974 -0.000004365779
81.126597887192 0.307499999998 -0.000001194726
81.367329886584 0.307499999995 0.000001976326
81.608061885976 0.307499999965 0.000005147377
81.848792885368 0.307499999977 -0.000004121571
82.089524884761 0.307499999999 -0.000000950519
82.330256884153 0.307499999994 0.000002220533
82.570988883545 0.307499999961 0.000005391585
82.811719882937 0.307499999980 -0.000003877362
83.052451882329 0.307499999999 -0.000000706309
83.293183881722 0.307499999992 0.000002464743
83.533915881114 0.307499999958 0.000005635794
83.774646880506 0.307499999982 -0.000003633155
84.015378879898 0.307500000000 -0.000000462103
84.256110879290 0.307499999991 0.000002708949
84.496842878683 0.307499999954 0.000005880001
84.737573878075 0.307499999984 -0.000003388947
84.978305877467 0.307500000000 -0.000000217896
85.219037876859 0.307499999989 0.000002953156
85.459768876251 0.307499999946 -0.000006315792
85.700500875644 0.307499999987 -0.000003144740
85.941232875036 0.307500000000 0.000000026311
86.181964874428 0.307499999987 0.000003197363
86.422695873820 0.307499999950 -0.000006071585
86.663427873213 0.307499999989 -0.000002900534
86.904159872605 0.307500000000 0.000000270517
87.144891871997 0.307499999985 0.000003441567
87.385622871389 0.307499999954 -0.000005827382
87.626354870781 0.307499999991 -0.000002656331
87.867086870174 0.307500000000 0.000000514718
88.107818869566 0.307499999982 0.000003685768
88.348549868958 0.307499999958 -0.000005583182
88.589281868350 0.307499999992 -0.000002412132
88.830013867742 0.307500000000 0.000000758918
89.070745867135 0.307499999980 0.000003929968
89.311476866527 0.307499999961 -0.000005338982
89.552208865919 0.307499999994 -0.000002167931
89.792940865311 0.307499999999 0.000001003120
90.033672864703 0.307499999977 0.000004174171
90.274403864096 0.307499999965 -0.000005094778
90.515135863488 0.307499999995 -0.000001923727
90.755867862880 0.307499999998 0.000001247325
90.996599862272 0.307499999974 0.000004418376
91.237330861665 0.307499999968 -0.000004850573
91.478062861057 0.307499999996 -0.000001679522
91.718794860449 0.307499999997 0.000001491529
91.959526859841 0.307499999971 0.000004662579
92.200257859233 0.307499999971 -0.000004606370
92.440989858626 0.307499999997 -0.000001435319
92.681721858018 0.307499999996 0.000001735731
92.922453857410 0.307499999968 0.000004906782
93.163184856802 0.307499999974 -0.000004362168
93.403916856194 0.307499999998 -0.000001191117
93.644648855587 0.307499999995 0.000001979934
93.885380854979 0.307499999965 0.000005150984
94.126111854371 0.307499999977 -0.000004117965
94.366843853763 0.307499999999 -0.000000946915
94.607575853155 0.307499999994 0.000002224136
94.848307852548 0.307499999961 0.000005395187
95.089038851940 0.307499999980 -0.000003873762
95.329770851332 0.307500000000 -0.000000702712
95.570502850724 0.307499999992 0.000002468339
95.811234850117 0.307499999958 0.000005639388
96.051965849509 0.307499999982 -0.000003629562
96.292697848901 0.307500000000 -0.000000458512
96.533429848293 0.307499999991 0.000002712538
96.774161847685 0.307499999954 0.000005883588
97.014892847078 0.307499999985 -0.000003385362
97.255624846470 0.307500000000 -0.000000214312
97.496356845862 0.307499999989 0.000002956738
97.737087845254 0.307499999946 -0.000006312213
97.977819844646 0.307499999987 -0.000003141164
98.218551844039 0.307500000000 0.000000029886
98.459283843431 0.307499999987 0.000003200936
98.700014842823 0.307499999950 -0.000006068015
98.940746842215 0.307499999989 -0.000002896967
99.181478841607 0.307500000000 0.000000274082
99.422210841000 0.307499999985 0.000003445130
99.662941840392 0.307499999954 -0.000005823822
99.903673839784 0.307499999991 -0.000002652773
