0.240732000000 0.307499999984 0.000003466975
0.481462999994 0.307499999960 -0.000005506049
0.722195000000 0.307499999995 -0.000002039074
0.962927000007 0.307499999997 0.000001427901
1.203658999991 0.307499999967 0.000004894877
1.444389999971 0.307499999979 -0.000004078148
1.685121999952 0.307500000000 -0.000000611173
1.925853999932 0.307499999988 0.000002855802
2.166585999949 0.307499999944 0.000006322776
2.407316999983 0.307499999992 -0.000002650249
2.648049000016 0.307499999999 0.000000816725
2.888781000050 0.307499999973 0.000004283700
3.129512000084 0.307499999973 -0.000004689326
3.370244000117 0.307499999999 -0.000001222353
3.610976000151 0.307499999992 0.000002244621
3.851708000184 0.307499999953 0.000005711595
4.092439000218 0.307499999989 -0.000003261432
4.333171000252 0.307500000000 0.000000205541
4.573903000285 0.307499999980 0.000003672513
4.814635000319 0.307499999926 0.000007139486
5.055366000353 0.307499999998 -0.000001833542
5.296098000386 0.307499999996 0.000001633431
5.536830000420 0.307499999961 0.000005100403
5.777561000454 0.307499999985 -0.000003872625
6.018293000487 0.307500000001 -0.000000405653
6.259025000521 0.307499999985 0.000003061319
6.499757000555 0.307499999936 0.000006528291
6.740488000588 0.307499999996 -0.000002444738
6.981220000622 0.307499999999 0.000001022234
7.221952000656 0.307499999969 0.000004489205
7.462684000689 0.307499999906 0.000007956176
7.703415000723 0.307500000002 -0.000001016852
7.944147000757 0.307499999990 0.000002450120
8.184879000626 0.307499999946 0.000005917092
8.425610000446 0.307499999994 -0.000003055936
8.666342000266 0.307500000001 0.000000411036
8.907074000085 0.307499999976 0.000003878008
9.147805999905 0.307499999918 0.000007344980
9.388536999725 0.307500000002 -0.000001628048
9.629268999545 0.307499999995 0.000001838925
9.870000999365 0.307499999956 0.000005305898
10.110732999185 0.307499999884 0.000008772871
10.351463999004 0.307500000004 -0.000000200155
10.592195998824 0.307499999983 0.000003266818
10.832927998644 0.307499999929 0.000006733791
11.073658998464 0.307500000001 -0.000002239236
11.314390998284 0.307499999999 0.000001227736
11.555122998104 0.307499999965 0.000004694709
11.795854997923 0.307499999897 0.000008161682
12.036585997743 0.307500000005 -0.000000811345
12.277317997563 0.307499999989 0.000002655628
12.518049997383 0.307499999940 0.000006122601
12.758781997203 0.307499999859 0.000009589574
12.999512997023 0.307500000003 0.000000616548
13.240244996843 0.307499999973 0.000004083521
13.480976996662 0.307499999910 0.000007550495
13.721707996482 0.307500000006 -0.000001422531
13.962439996302 0.307499999995 0.000002044442
14.203171996122 0.307499999951 0.000005511415
14.443903995942 0.307499999874 0.000008978389
14.684634995762 0.307500000006 0.000000005362
14.925366995581 0.307499999981 0.000003472335
15.166098995401 0.307499999923 0.000006939308
15.406830995221 0.307499999832 0.000010406282
15.647561995041 0.307500000000 0.000001433255
15.888293994861 0.307499999961 0.000004900229
16.129025994910 0.307499999889 0.000008367203
16.369756995157 0.307500000009 -0.000000605824
16.610488995405 0.307499999988 0.000002861150
16.851220995652 0.307499999935 0.000006328123
17.091952995900 0.307499999849 0.000009795096
17.332683996147 0.307500000005 0.000000822070
17.573415996395 0.307499999971 0.000004289044
17.814147996642 0.307499999903 0.000007756018
18.054879996889 0.307499999803 0.000011222992
18.295610997137 0.307499999995 0.000002249968
18.536342997384 0.307499999947 0.000005716943
18.777074997632 0.307499999866 0.000009183917
19.017805997879 0.307500000009 0.000000210892
19.258537998127 0.307499999980 0.000003677867
19.499269998374 0.307499999917 0.000007144843
19.740001998622 0.307499999822 0.000010611817
19.980732998869 0.307500000002 0.000001638791
20.221464999117 0.307499999958 0.000005105765
20.462196999364 0.307499999882 0.000008572739
20.702928999612 0.307499999773 0.000012039713
20.943659999859 0.307499999988 0.000003066687
21.184392000106 0.307499999931 0.000006533661
21.425124000354 0.307499999840 0.000010000635
21.665855000601 0.307500000008 0.000001027610
21.906587000849 0.307499999969 0.000004494585
22.147319001096 0.307499999897 0.000007961559
22.388051001344 0.307499999793 0.000011428533
22.628782001591 0.307499999997 0.000002455508
22.869514001839 0.307499999944 0.000005922483
23.110246002086 0.307499999858 0.000009389457
23.350978002334 0.307499999739 0.000012856432
23.591709002581 0.307499999979 0.000003883406
23.832441002829 0.307499999912 0.000007350381
24.073173003076 0.307499999813 0.000010817355
24.313904003323 0.307500000004 0.000001844330
24.554636003571 0.307499999956 0.000005311305
24.795368003818 0.307499999875 0.000008778280
25.036100004066 0.307499999761 0.000012245255
25.276831004313 0.307499999989 0.000003272230
25.517563004561 0.307499999927 0.000006739205
25.758295004808 0.307499999832 0.000010206180
25.999027005056 0.307499999704 0.000013673155
26.239758005303 0.307499999968 0.000004700131
26.480490005551 0.307499999892 0.000008167106
26.721222005798 0.307499999783 0.000011634081
26.961953006046 0.307499999998 0.000002661057
27.202685006293 0.307499999941 0.000006128033
27.443417006540 0.307499999850 0.000009595010
27.684149006788 0.307499999727 0.000013061987
27.924880007035 0.307499999979 0.000004088964
28.165612007283 0.307499999908 0.000007555941
28.406344007530 0.307499999803 0.000011022918
28.647076007778 0.307499999666 0.000014489896
28.887807008025 0.307499999954 0.000005516874
29.128539008273 0.307499999869 0.000008983852
29.369271008520 0.307499999750 0.000012450830
29.610002008768 0.307499999990 0.000003477808
29.850734009015 0.307499999923 0.000006944786
30.091466009263 0.307499999824 0.000010411763
30.332198009510 0.307499999692 0.000013878740
30.572929009757 0.307499999967 0.000004905717
30.813661010005 0.307499999887 0.000008372694
31.054393010252 0.307499999773 0.000011839671
31.295125010500 0.307499999627 0.000015306647
31.535856010747 0.307499999939 0.000006333624
31.776588010995 0.307499999844 0.000009800600
32.017320011181 0.307499999716 0.000013267577
32.258051010573 0.307499999980 0.000004294553
32.498783009965 0.307499999904 0.000007761530
32.739515009357 0.307499999795 0.000011228506
32.980247008750 0.307499999654 0.000014695482
33.220978008142 0.307499999953 0.000005722458
33.461710007534 0.307499999863 0.000009189434
33.702442006926 0.307499999741 0.000012656410
33.943174006318 0.307499999585 0.000016123386
34.183905005711 0.307499999921 0.000007150362
34.424637005103 0.307499999817 0.000010617338
34.665369004495 0.307499999680 0.000014084315
34.906100003887 0.307499999968 0.000005111291
35.146832003279 0.307499999882 0.000008578268
35.387564002672 0.307499999764 0.000012045244
35.628296002064 0.307499999613 0.000015512221
35.869027001456 0.307499999937 0.000006539197
36.109759000848 0.307499999838 0.000010006174
36.350491000240 0.307499999706 0.000013473150
36.591222999633 0.307499999541 0.000016940127
36.831953999025 0.307499999901 0.000007967103
37.072685998417 0.307499999787 0.000011434080
37.313417997809 0.307499999641 0.000014901057
37.554148997202 0.307499999953 0.000005928034
37.794880996594 0.307499999858 0.000009395010
38.035612995986 0.307499999731 0.000012861987
38.276344995378 0.307499999571 0.000016328964
38.517075994770 0.307499999919 0.000007355941
38.757807994163 0.307499999810 0.000010822918
38.998539993555 0.307499999669 0.000014289895
39.239271992947 0.307499999495 0.000017756872
39.480002992339 0.307499999879 0.000008783850
39.720734991731 0.307499999756 0.000012250827
39.961466991124 0.307499999601 0.000015717804
40.202197990516 0.307499999936 0.000006744780
40.442929989908 0.307499999832 0.000010211757
40.683661989300 0.307499999696 0.000013678734
40.924393988692 0.307499999527 0.000017145712
41.165124988085 0.307499999898 0.000008172689
41.405856987477 0.307499999780 0.000011639667
41.646588986869 0.307499999630 0.000015106644
41.887320986261 0.307499999447 0.000018573621
42.128051985654 0.307499999854 0.000009600599
42.368783985046 0.307499999722 0.000013067577
42.609515984438 0.307499999558 0.000016534555
42.850246983830 0.307499999917 0.000007561532
43.090978983222 0.307499999804 0.000011028510
43.331710982615 0.307499999658 0.000014495488
43.572442982007 0.307499999480 0.000017962466
43.813173981399 0.307499999875 0.000008989445
44.053905980791 0.307499999748 0.000012456422
44.294637980183 0.307499999588 0.000015923401
44.535369979576 0.307499999396 0.000019390380
44.776100978968 0.307499999828 0.000010417358
45.016832978360 0.307499999686 0.000013884337
45.257564977752 0.307499999513 0.000017351315
45.498295977144 0.307499999896 0.000008378295
45.739027976537 0.307499999774 0.000011845274
45.979759975929 0.307499999619 0.000015312254
46.220491975321 0.307499999431 0.000018779234
46.461222974713 0.307499999850 0.000009806214
46.701954974106 0.307499999714 0.000013273195
46.942686973498 0.307499999545 0.000016740177
47.183418972890 0.307499999343 0.000020207158
47.424149972282 0.307499999799 0.000011234140
47.664881971674 0.307499999648 0.000014701122
47.905613971067 0.307499999465 0.000018168105
48.146344970459 0.307499999873 0.000009195088
48.387076969851 0.307499999741 0.000012662071
48.627808969243 0.307499999577 0.000016129053
48.868540968635 0.307499999380 0.000019596035
49.109271968028 0.307499999823 0.000010623018
49.350003967420 0.307499999678 0.000014090001
49.590735966812 0.307499999499 0.000017556984
49.831467966204 0.307499999288 0.000021023966
50.072198965596 0.307499999768 0.000012050950
50.312930964989 0.307499999608 0.000015517933
50.553662964381 0.307499999416 0.000018984917
50.794393963773 0.307499999847 0.000010011901
51.035125963165 0.307499999706 0.000013478884
51.275857962558 0.307499999533 0.000016945867
51.516589961950 0.307499999326 0.000020412851
51.757320961342 0.307499999794 0.000011439835
51.998052960734 0.307499999639 0.000014906818
52.238784960126 0.307499999451 0.000018373802
52.479516959519 0.307499999231 0.000021840786
52.720247958911 0.307499999735 0.000012867769
52.960979958303 0.307499999566 0.000016334753
53.201711957695 0.307499999364 0.000019801737
53.442443957087 0.307499999130 0.000023268721
53.683174956480 0.307499999669 0.000014295705
53.923906955872 0.307499999487 0.000017762689
54.164638955264 0.307499999271 0.000021229673
54.405369954656 0.307499999762 0.000012256657
54.646101954049 0.307499999598 0.000015723640
54.886833953441 0.307499999401 0.000019190624
55.127565952833 0.307499999172 0.000022657609
55.368296952225 0.307499999699 0.000013684593
55.609028951617 0.307499999521 0.000017151578
55.849760951010 0.307499999310 0.000020618563
56.090492950402 0.307499999067 0.000024085548
56.331223949794 0.307499999630 0.000015112534
56.571955949186 0.307499999438 0.000018579520
56.812687948578 0.307499999213 0.000022046505
57.053418947971 0.307499999729 0.000013073490
57.294150947363 0.307499999555 0.000016540475
57.534882946755 0.307499999349 0.000020007460
57.775614946147 0.307499999110 0.000023474446
58.016345945539 0.307499999662 0.000014501432
58.257077944932 0.307499999474 0.000017968418
58.497809944324 0.307499999254 0.000021435404
58.738541943716 0.307499999001 0.000024902391
58.979272943108 0.307499999589 0.000015929379
59.220004942501 0.307499999388 0.000019396366
59.460736941893 0.307499999153 0.000022863354
59.701467941285 0.307499999693 0.000013890341
59.942199940677 0.307499999510 0.000017357329
60.182931940069 0.307499999295 0.000020824317
60.423663939462 0.307499999047 0.000024291305
60.664394938854 0.307499999622 0.000015318293
60.905126938246 0.307499999426 0.000018785281
61.145858937638 0.307499999196 0.000022252270
61.386590937030 0.307499998934 0.000025719258
61.627321936423 0.307499999546 0.000016746247
61.868053935815 0.307499999335 0.000020213236
62.108785935207 0.307499999092 0.000023680225
62.349516934599 0.307499999655 0.000014707213
62.590248933991 0.307499999463 0.000018174202
62.830980933384 0.307499999238 0.000021641191
63.071712932776 0.307499998981 0.000025108181
63.312443932168 0.307499999580 0.000016135170
63.553175931560 0.307499999374 0.000019602159
63.793907930953 0.307499999136 0.000023069149
64.034639930345 0.307499998865 0.000026536139
64.275370929737 0.307499999500 0.000017563129
64.516102929129 0.307499999280 0.000021030119
64.756834928521 0.307499999027 0.000024497108
64.997565927914 0.307499999615 0.000015524098
65.238297927306 0.307499999414 0.000018991088
65.479029926698 0.307499999180 0.000022458079
65.719761926090 0.307499998913 0.000025925069
65.960492925482 0.307499999536 0.000016952059
66.201224924875 0.307499999321 0.000020419049
66.441956924267 0.307499999073 0.000023886039
66.682688923659 0.307499998793 0.000027353029
66.923419923051 0.307499999452 0.000018380019
67.164151922443 0.307499999223 0.000021847008
67.404883921836 0.307499998961 0.000025313998
67.645614921228 0.307499999573 0.000016340988
67.886346920620 0.307499999362 0.000019807978
68.127078920012 0.307499999119 0.000023274968
68.367810919405 0.307499998843 0.000026741958
68.608541918797 0.307499999490 0.000017768948
68.849273918189 0.307499999266 0.000021235938
69.090005917581 0.307499999009 0.000024702928
69.330737916973 0.307499998719 0.000028169918
69.571468916366 0.307499999402 0.000019196908
69.812200915758 0.307499999164 0.000022663899
70.052932915150 0.307499998893 0.000026130889
70.293663914542 0.307499999528 0.000017157879
70.534395913934 0.307499999308 0.000020624870
70.775127913327 0.307499999056 0.000024091860
71.015859912719 0.307499998771 0.000027558850
71.256590912111 0.307499999442 0.000018585840
71.497322911503 0.307499999208 0.000022052830
71.738054910895 0.307499998942 0.000025519820
71.978786910288 0.307499998643 0.000028986809
72.219517909680 0.307499999350 0.000020013799
72.460249909072 0.307499999103 0.000023480788
72.700981908464 0.307499998822 0.000026947778
72.941712907857 0.307499999481 0.000017974767
73.182444907249 0.307499999252 0.000021441756
73.423176906641 0.307499998991 0.000024908746
73.663908906033 0.307499998696 0.000028375736
73.904639905425 0.307499999392 0.000019402726
74.145371904818 0.307499999149 0.000022869717
74.386103904210 0.307499998873 0.000026336707
74.626835903602 0.307499998565 0.000029803698
74.867566902994 0.307499999296 0.000020830688
75.108298902386 0.307499999039 0.000024297679
75.349030901779 0.307499998749 0.000027764670
75.589761901171 0.307499999433 0.000018791661
75.830493900563 0.307499999194 0.000022258652
76.071225899955 0.307499998923 0.000025725644
76.311957899347 0.307499998620 0.000029192636
76.552688898740 0.307499999339 0.000020219628
76.793420898132 0.307499999087 0.000023686619
77.034152897524 0.307499998802 0.000027153611
77.274884896916 0.307499998484 0.000030620603
77.515615896309 0.307499999240 0.000021647595
77.756347895701 0.307499998973 0.000025114586
77.997079895093 0.307499998674 0.000028581578
78.237810894485 0.307499999382 0.000019608569
78.478542893877 0.307499999134 0.000023075561
78.719274893270 0.307499998854 0.000026542552
78.960006892662 0.307499998541 0.000030009544
79.200737892054 0.307499999284 0.000021036535
79.441469891446 0.307499999023 0.000024503527
79.682201890838 0.307499998729 0.000027970519
79.922933890231 0.307499998402 0.000031437511
80.163664889623 0.307499999181 0.000022464502
80.404396889015 0.307499998906 0.000025931493
80.645128888407 0.307499998597 0.000029398484
80.885859887799 0.307499999329 0.000020425475
81.126591887192 0.307499999072 0.000023892466
81.367323886584 0.307499998782 0.000027359457
81.608055885976 0.307499998460 0.000030826448
81.848786885368 0.307499999227 0.000021853439
82.089518884761 0.307499998957 0.000025320430
82.330250884153 0.307499998653 0.000028787421
82.570982883545 0.307499998317 0.000032254412
82.811713882937 0.307499999120 0.000023281403
83.052445882329 0.307499998836 0.000026748394
83.293177881722 0.307499998518 0.000030215385
83.533908881114 0.307499999273 0.000021242376
83.774640880506 0.307499999007 0.000024709368
84.015372879898 0.307499998708 0.000028176359
84.256104879290 0.307499998377 0.000031643351
84.496835878683 0.307499999168 0.000022670341
84.737567878075 0.307499998888 0.000026137331
84.978299877467 0.307499998576 0.000029604322
85.219031876859 0.307499998230 0.000033071312
85.459762876251 0.307499999057 0.000024098303
85.700494875644 0.307499998763 0.000027565294
85.941226875036 0.307499998437 0.000031032285
86.181957874428 0.307499999216 0.000022059277
86.422689873820 0.307499998941 0.000025526268
86.663421873213 0.307499998633 0.000028993260
86.904153872605 0.307499998292 0.000032460251
87.144884871997 0.307499999107 0.000023487243
87.385616871389 0.307499998818 0.000026954235
87.626348870781 0.307499998496 0.000030421227
87.867080870174 0.307499998141 0.000033888219
88.107811869566 0.307499998992 0.000024915211
88.348543868958 0.307499998689 0.000028382203
88.589275868350 0.307499998353 0.000031849195
88.830006867742 0.307499999156 0.000022876187
89.070738867135 0.307499998872 0.000026343180
89.311470866527 0.307499998554 0.000029810172
89.552202865919 0.307499998204 0.000033277166
89.792933865311 0.307499999043 0.000024304159
90.033665864703 0.307499998745 0.000027771153
90.274397864096 0.307499998414 0.000031238146
90.515129863488 0.307499998050 0.000034705138
90.755860862880 0.307499998925 0.000025732130
90.996592862272 0.307499998613 0.000029199122
91.237324861665 0.307499998267 0.000032666114
91.478055861057 0.307499999094 0.000023693106
91.718787860449 0.307499998801 0.000027160098
91.959519859841 0.307499998474 0.000030627090
92.200251859233 0.307499998115 0.000034094081
92.440982858626 0.307499998978 0.000025121073
92.681714858018 0.307499998670 0.000028588064
92.922446857410 0.307499998330 0.000032055056
93.163178856802 0.307499997957 0.000035522047
93.403909856194 0.307499998856 0.000026549039
93.644641855587 0.307499998534 0.000030016031
93.885373854979 0.307499998179 0.000033483022
94.126104854371 0.307499999031 0.000024510014
94.366836853763 0.307499998727 0.000027977006
94.607568853155 0.307499998392 0.000031443999
94.848300852548 0.307499998023 0.000034910991
95.089031851940 0.307499998910 0.000025937983
95.329763851332 0.307499998593 0.000029404976
95.570495850724 0.307499998244 0.000032871969
95.811227850117 0.307499997861 0.000036338961
96.051958849509 0.307499998784 0.000027365954
96.292690848901 0.307499998453 0.000030832947
96.533422848293 0.307499998089 0.000034299939
96.774153847685 0.307499998965 0.000025326933
97.014885847078 0.307499998652 0.000028793926
97.255617846470 0.307499998307 0.000032260919
97.496349845862 0.307499997929 0.000035727912
97.737080845254 0.307499998840 0.000026754906
97.977812844646 0.307499998514 0.000030221899
98.218544844039 0.307499998155 0.000033688892
98.459276843431 0.307499997763 0.000037155885
98.700007842823 0.307499998710 0.000028182877
98.940739842215 0.307499998370 0.000031649870
99.181471841608 0.307499997997 0.000035116862
99.422202841000 0.307499998896 0.000026143855
99.662934840392 0.307499998575 0.000029610846
99.903666839784 0.307499998220 0.000033077838
